Números de paquete distintos encontrados en el archivo T0890-EscalPrivileges-NetLogon-FIXED_[2]_alert_csv.txt:
 3
 4
 36
 37
 62
 63
 84
 85
 114
 115
 136
 137
 166
 167
 188
 189
 210
 211
 232
 233
 255
 256
 276
 278
 279
 299
 301
 302
 349
 351
 352
 371
 373
 374
 393
 395
 396
 416
 418
 419
 439
 441
 442
 461
 463
 464
 484
 487
 488
 507
 509
 511
 530
 532
 533
 553
 555
 556
 576
 578
 579
 599
 601
 602
 622
 625
 626
 646
 648
 649
 668
 671
 672
 691
 693
 694
 776
 778
 779
 798
 800
 801
 820
 822
 823
 842
 844
 845
 865
 867
 868
 888
 890
 891
 911
 913
 914
 934
 936
 938
 958
 960
 961
 981
 983
 984
 1003
 1005
 1006
 1026
 1028
 1029
 1049
 1051
 1052
 1071
 1074
 1075
 1095
 1097
 1098
 1118
 1120
 1121
 1200
 1202
 1203
 1222
 1224
 1225
 1244
 1246
 1247
 1266
 1268
 1269
 1289
 1291
 1292
 1311
 1313
 1314
 1335
 1337
 1338
 1358
 1360
 1361
 1381
 1383
 1384
 1405
 1407
 1408
 1427
 1429
 1430
 1450
 1452
 1453
 1473
 1475
 1476
 1496
 1498
 1499
 1519
 1521
 1522
 1542
 1544
 1545
 1627
 1629
 1630
 1649
 1651
 1652
 1671
 1673
 1674
 1693
 1695
 1696
 1716
 1718
 1719
 1739
 1741
 1742
 1762
 1765
 1766
 1785
 1787
 1788
 1808
 1810
 1811
 1831
 1833
 1834
 1854
 1856
 1857
 1877
 1879
 1880
 1900
 1903
 1904
 1924
 1926
 1927
 1947
 1949
 1950
 1970
 1972
 1973
 2049
 2051
 2052
 2071
 2073
 2074
 2093
 2095
 2096
 2115
 2117
 2118
 2138
 2140
 2141
 2161
 2163
 2165
 2184
 2186
 2187
 2207
 2210
 2211
 2231
 2233
 2234
 2254
 2256
 2257
 2277
 2279
 2280
 2300
 2303
 2304
 2324
 2326
 2327
 2347
 2349
 2350
 2369
 2372
 2373
 2392
 2394
 2395
 2471
 2473
 2474
 2493
 2495
 2496
 2515
 2517
 2518
 2538
 2540
 2541
 2561
 2563
 2564
 2584
 2586
 2587
 2607
 2609
 2610
 2629
 2631
 2632
 2652
 2654
 2655
 2675
 2677
 2678
 2697
 2699
 2700
 2721
 2723
 2724
 2744
 2746
 2747
 2769
 2771
 2772
 2791
 2794
 2795
 2815
 2817
 2818
 2899
 2901
 2902
 2921
 2923
 2924
 2943
 2945
 2946
 2966
 2968
 2969
 2989
 2991
 2992
 3012
 3014
 3015
 3034
 3036
 3037
 3057
 3059
 3060
 3080
 3082
 3083
 3102
 3105
 3106
 3125
 3128
 3129
 3149
 3151
 3152
 3172
 3174
 3176
 3195
 3197
 3198
 3219
 3221
 3222
 3241
 3244
 3245
 3326
 3328
 3329
 3348
 3350
 3351
 3370
 3372
 3373
 3392
 3395
 3396
 3415
 3418
 3419
 3438
 3440
 3442
 3462
 3464
 3465
 3483
 3486
 3487
 3506
 3508
 3509
 3529
 3532
 3533
 3552
 3554
 3555
 3575
 3578
 3579
 3598
 3600
 3601
 3622
 3624
 3625
 3644
 3646
 3647
 3667
 3669
 3670
 3750
 3752
 3753
 3772
 3774
 3775
 3794
 3796
 3797
 3817
 3819
 3820
 3839
 3842
 3843
 3862
 3864
 3865
 3884
 3887
 3888
 3907
 3909
 3910
 3930
 3932
 3934
 3953
 3955
 3956
 3976
 3978
 3979
 3999
 4001
 4002
 4022
 4024
 4025
 4045
 4047
 4048
 4068
 4070
 4071
 4091
 4094
 4095
 4173
 4175
 4176
 4195
 4197
 4198
 4217
 4219
 4220
 4240
 4242
 4243
 4263
 4265
 4266
 4286
 4288
 4289
 4309
 4311
 4312
 4331
 4333
 4335
 4355
 4357
 4358
 4377
 4379
 4380
 4401
 4403
 4404
 4423
 4426
 4427
 4446
 4448
 4449
 4469
 4471
 4472
 4492
 4495
 4496
 4516
 4518
 4519
 4599
 4601
 4602
 4621
 4623
 4624
 4643
 4645
 4646
 4666
 4668
 4669
 4677
 4682
 4696
 4698
 4699
 4718
 4720
 4722
 4741
 4743
 4744
 4764
 4766
 4767
 4787
 4789
 4790
 4810
 4813
Total de números de paquete distintos: 539
