Números de paquete distintos encontrados en el archivo T0843-ProgDownload-IEC104_[2]_alert_csv.txt:
 4
 6
 7
 8
 9
 10
 11
 12
 13
 14
 16
 18
 19
 20
 22
 24
 26
 30
 37
 38
 45
 46
 47
 48
 49
 50
 53
 55
 57
 59
 62
 64
 66
 69
 70
 71
 72
 74
 77
 79
 81
 83
 85
 88
 89
 90
 91
 93
 95
 97
 98
 100
 102
 104
 107
 108
 109
 110
 111
 113
 115
 117
 120
 122
 124
 127
 128
 129
 130
 132
 133
 137
 139
 142
 144
 146
 149
 150
 151
 152
 154
 155
 157
 159
 161
 163
 165
 169
 170
 171
 172
 174
 176
 178
 180
 182
 185
 186
 187
 188
 190
 193
 195
 197
 199
 201
 204
 205
 206
 207
 209
 212
 214
 216
 218
 220
 223
 224
 225
 226
 228
 230
 232
 235
 237
 239
 242
 243
 244
 246
 248
 250
 252
 254
 256
 258
 260
 262
 264
 266
 268
 270
 272
 274
 276
 278
 279
 281
 282
 283
 285
 287
 289
 291
 293
 295
 297
 299
 301
 303
 305
 307
 309
 311
 313
 315
 316
 317
 318
 320
 322
 324
 326
 328
 330
 332
 334
 336
 338
 340
 342
 344
 346
 348
 350
 352
 353
 355
 356
 358
 360
 362
 364
 366
 368
 370
 372
 374
 376
 378
 381
 383
 385
 387
 389
 391
 392
 394
 395
 396
 398
 400
 402
 404
 406
 408
 410
 412
 414
 416
 418
 420
 422
 424
 426
 428
 429
 430
 431
 432
 434
 436
 438
 440
 442
 444
 446
 448
 450
 452
 454
 456
 458
 460
 462
 464
 467
 468
 469
 470
 472
 474
 476
 478
 480
 482
 484
 486
 488
 490
 492
 494
 496
 498
 500
 502
 503
 505
 506
 507
 509
 511
 513
 515
 517
 519
 521
 523
 525
 527
 529
 531
 533
 535
 537
 540
 541
 542
 543
 545
 547
 549
 551
 553
 555
 557
 559
 561
 563
 565
 567
 569
 571
 573
 576
 577
 578
 580
 582
 584
 586
 588
 590
 592
 594
 596
 598
 600
 602
 604
 606
 608
 610
 612
 614
 615
 617
 618
 620
 622
 624
 626
 628
 630
 632
 634
 636
 638
 640
 642
 644
 646
 648
 650
 652
 653
 655
 656
 657
 659
 661
 663
 665
 667
 669
 671
 673
 675
 677
 679
 681
 683
 685
 687
 690
 691
 692
 694
 696
 698
 700
 702
 704
 706
 708
 710
 712
 714
 716
 718
 720
 722
 724
 727
 728
 729
 730
 732
 734
 736
 738
 740
 742
 744
 746
 748
 750
 752
 754
 756
 758
 760
 762
 764
 765
 767
 768
 769
 771
 773
 775
 777
 779
 781
 783
 785
 787
 789
 791
 793
 795
 797
 799
 801
 802
 804
 805
 807
 809
 811
 813
 815
 817
 819
 821
 823
 825
 827
 829
 831
 833
 835
 837
 838
 840
 841
 842
 844
 846
 848
 850
 852
 854
 856
 858
 860
 862
 864
 866
 868
 870
 873
 874
 875
 876
 878
 880
 882
 884
 886
 888
 890
 892
 894
 896
 898
 900
 902
 904
 906
 908
 909
 911
 912
 914
 916
 918
 920
 922
 924
 926
 928
 930
 932
 934
 936
 938
 940
 942
 944
 945
 947
 948
 949
 951
 953
 955
 957
 959
 961
 963
 965
 967
 969
 971
 973
 975
 977
 979
 980
 982
 983
 984
 986
 988
 990
 992
 994
 996
 998
 1000
 1002
 1004
 1006
 1008
 1010
 1012
 1014
 1015
 1017
 1018
 1019
 1021
 1023
 1025
 1027
 1029
 1031
 1033
 1035
 1037
 1039
 1041
 1043
 1045
 1047
 1049
 1051
 1053
 1054
 1056
 1057
 1058
 1060
 1062
 1064
 1066
 1068
 1070
 1072
 1074
 1076
 1078
 1080
 1082
 1084
 1086
 1089
 1090
 1091
 1092
 1094
 1096
 1098
 1100
 1102
 1104
 1106
 1108
 1110
 1112
 1114
 1116
 1118
 1120
 1122
 1123
 1125
 1126
 1127
 1129
 1131
 1133
 1135
 1137
 1139
 1141
 1143
 1145
 1147
 1149
 1151
 1153
 1155
 1157
 1159
 1160
 1162
 1163
 1164
 1166
 1168
 1170
 1172
 1174
 1176
 1178
 1180
 1182
 1184
 1186
 1188
 1190
 1192
 1194
 1197
 1198
 1199
 1200
 1202
 1204
 1206
 1208
 1210
 1212
 1214
 1217
 1219
 1221
 1223
 1225
 1227
 1229
 1231
 1234
 1235
 1236
 1238
 1240
 1242
 1244
 1246
 1248
 1250
 1252
 1254
 1256
 1258
 1260
 1262
 1264
 1266
 1268
 1269
 1270
 1271
 1272
 1274
 1276
 1278
 1280
 1282
 1284
 1286
 1288
 1290
 1292
 1294
 1296
 1298
 1300
 1302
 1304
 1305
 1307
 1308
 1309
 1311
 1313
 1315
 1317
 1319
 1321
 1323
 1325
 1327
 1329
 1331
 1333
 1335
 1337
 1339
 1341
 1344
 1345
 1346
 1347
 1349
 1351
 1353
 1355
 1357
 1359
 1361
 1363
 1365
 1367
 1369
 1371
 1373
 1375
 1377
 1378
 1379
 1380
 1382
 1384
 1386
 1388
 1390
 1393
 1395
 1397
 1399
 1401
 1403
 1405
 1407
 1409
 1411
 1413
 1416
 1417
 1418
 1419
 1421
 1423
 1425
 1427
 1429
 1431
 1433
 1435
 1437
 1439
 1441
 1443
 1445
 1447
 1450
 1451
 1452
 1454
 1456
 1458
 1460
 1462
 1464
 1466
 1468
 1470
 1472
 1474
 1476
 1478
 1480
 1482
 1484
 1486
 1488
 1489
 1490
 1491
 1492
 1494
 1496
 1498
 1500
 1502
 1504
 1506
 1508
 1512
 1515
 1517
 1520
 1521
 1522
 1523
 1525
 1527
 1529
 1531
 1533
 1535
 1537
 1539
 1541
 1543
 1545
 1547
 1550
 1551
 1552
 1553
 1555
 1557
 1559
 1561
 1563
 1565
 1567
 1569
 1571
 1573
 1576
 1577
 1578
 1579
 1581
 1583
 1585
 1587
 1589
 1591
 1593
 1595
 1597
 1599
 1601
 1603
 1606
 1607
 1608
 1609
 1611
 1613
 1615
 1617
 1619
 1621
 1623
 1625
 1627
 1629
 1631
 1633
 1634
 1635
 1636
 1637
 1639
 1641
 1643
 1645
 1647
 1649
 1651
 1653
 1655
 1658
 1659
 1660
 1661
 1663
 1665
 1667
 1669
 1671
 1673
 1675
 1677
 1679
 1681
 1683
 1686
 1687
 1688
 1689
 1691
 1693
 1695
 1697
 1699
 1701
 1703
 1705
 1707
 1709
 1711
 1713
 1715
 1717
 1719
 1721
 1723
 1724
 1725
 1726
 1727
 1729
 1731
 1733
 1735
 1737
 1739
 1741
 1743
 1745
 1747
 1749
 1751
 1753
 1755
 1757
 1759
 1760
 1762
 1763
 1765
 1767
 1769
 1771
 1773
 1775
 1777
 1779
 1781
 1783
 1785
 1787
 1789
 1791
 1793
 1795
 1798
 1799
 1800
 1801
 1803
 1805
 1807
 1809
 1811
 1813
 1815
 1817
 1819
 1821
 1823
 1825
 1827
 1829
 1831
 1834
 1835
 1836
 1837
 1839
 1841
 1843
 1845
 1847
 1849
 1851
 1853
 1855
 1857
 1859
 1861
 1863
 1865
 1867
 1870
 1871
 1872
 1873
 1875
 1877
 1879
 1881
 1883
 1885
 1887
 1889
 1891
 1893
 1895
 1897
 1899
 1901
 1903
 1904
 1906
 1907
 1908
 1910
 1912
 1914
 1916
 1918
 1920
 1922
 1924
 1926
 1928
 1930
 1932
 1934
 1936
 1938
 1940
 1941
 1943
 1944
 1945
 1947
 1949
 1951
 1953
 1955
 1957
 1959
 1961
 1963
 1965
 1967
 1969
 1971
 1973
 1975
 1977
 1978
 1979
 1980
 1981
 1983
 1985
 1987
 1989
 1991
 1993
 1995
 1997
 1999
 2001
 2003
 2005
 2007
 2009
 2011
 2013
 2016
 2017
 2018
 2019
 2021
 2023
 2025
 2027
 2029
 2031
 2033
 2035
 2037
 2039
 2041
 2043
 2045
 2047
 2049
 2052
 2053
 2054
 2055
 2057
 2059
 2061
 2063
 2065
 2067
 2069
 2071
 2073
 2075
 2077
 2079
 2081
 2083
 2085
 2086
 2087
 2088
 2089
 2091
 2093
 2095
 2097
 2099
 2101
 2103
 2105
 2107
 2109
 2111
 2113
 2115
 2117
 2119
 2121
 2122
 2123
 2124
 2125
 2127
 2129
 2131
 2133
 2135
 2137
 2139
 2141
 2143
 2145
 2147
 2149
 2151
 2153
 2155
 2157
 2160
 2161
 2162
 2163
 2165
 2167
 2169
 2171
 2173
 2175
 2177
 2179
 2181
 2183
 2185
 2187
 2189
 2191
 2193
 2196
 2197
 2198
 2199
 2201
 2203
 2205
 2207
 2209
 2211
 2213
 2215
 2217
 2219
 2221
 2223
 2225
 2227
 2229
 2231
 2232
 2234
 2235
 2237
 2239
 2241
 2243
 2245
 2247
 2249
 2251
 2253
 2255
 2257
 2259
 2261
 2263
 2265
 2267
 2268
 2270
 2271
 2272
 2274
 2276
 2278
 2280
 2282
 2284
 2286
 2288
 2290
 2292
 2294
 2296
 2298
 2300
 2302
 2304
 2305
 2307
 2308
 2309
 2310
 2312
 2314
 2315
 2317
 2319
 2321
 2323
 2325
 2327
 2329
 2331
 2333
 2335
 2337
 2338
 2339
 2340
 2342
 2343
 2344
 2345
 2346
 2347
 2349
 2358
 2359
 2361
 2362
 2363
 2364
 2365
 2366
 2368
 2370
 2371
 2372
 2374
 2375
 2376
 2378
 2380
 2381
 2383
 2384
 2385
 2386
 2388
 2389
 2390
 2392
 2393
 2394
 2396
 2397
 2399
 2400
 2401
 2402
 2404
 2406
 2407
 2408
 2410
 2411
 2412
 2414
 2416
 2417
 2419
 2422
 2423
 2424
 2426
 2428
 2429
 2430
 2432
 2433
 2434
 2436
 2438
 2439
 2441
 2442
 2443
 2444
 2446
 2448
 2449
 2450
 2452
 2454
 2455
 2456
 2458
 2459
 2461
 2462
 2463
 2464
 2466
 2468
 2469
 2470
 2472
 2473
 2474
 2476
 2478
 2479
 2481
 2482
 2484
 2485
 2487
 2489
 2491
 2493
 2494
 2496
 2498
 2500
 2502
 2504
 2506
 2509
 2510
 2511
 2513
 2514
 2515
 2518
 2520
 2521
 2523
 2525
 2527
 2529
 2531
 2532
 2533
 2534
 2536
 2538
 2540
 2541
 2542
 2544
 2546
 2548
 2550
 2552
 2553
 2554
 2555
 2556
 2560
 2562
 2564
 2565
 2567
 2569
 2571
 2573
 2575
 2577
 2578
 2579
 2580
 2582
 2584
 2586
 2587
 2588
 2590
 2592
 2594
 2596
 2598
 2600
 2603
 2604
 2605
 2609
 2611
 2613
 2614
 2616
 2618
 2620
 2622
 2624
 2626
 2627
 2628
 2629
 2631
 2635
 2637
 2638
 2640
 2642
 2644
 2646
 2648
 2649
 2650
 2651
 2655
 2657
 2659
 2660
 2662
 2664
 2666
 2668
 2670
 2672
 2673
 2674
 2675
 2677
 2679
 2681
 2683
 2684
 2686
 2688
 2690
 2692
 2694
 2696
 2699
 2700
 2701
 2703
 2705
 2707
 2709
 2710
 2712
 2714
 2716
 2718
 2720
 2722
 2723
 2724
 2725
 2727
 2729
 2731
 2732
 2733
 2735
 2737
 2739
 2741
 2743
 2744
 2745
 2746
 2748
 2750
 2752
 2754
 2755
 2757
 2759
 2761
 2763
 2765
 2767
 2768
 2769
 2770
 2772
 2774
 2776
 2778
 2779
 2781
 2783
 2785
 2787
 2789
 2791
 2794
 2795
 2796
 2798
 2799
 2803
 2805
 2806
 2808
 2810
 2812
 2814
 2816
 2818
 2819
 2820
 2821
 2823
 2825
 2827
 2829
 2830
 2832
 2834
 2836
 2838
 2840
 2842
 2843
 2844
 2845
 2847
 2849
 2851
 2852
 2853
 2855
 2857
 2859
 2861
 2863
 2865
 2866
 2867
 2868
 2870
 2872
 2874
 2876
 2877
 2879
 2881
 2883
 2885
 2887
 2889
 2892
 2893
 2894
 2896
 2898
 2900
 2901
 2902
 2904
 2906
 2908
 2910
 2912
 2914
 2915
 2916
 2917
 2919
 2921
 2923
 2925
 2926
 2928
 2930
 2932
 2934
 2936
 2938
 2939
 2941
 2942
 2944
 2946
 2948
 2950
 2951
 2952
 2955
 2957
 2959
 2961
 2963
 2964
 2965
 2966
 2968
 2970
 2972
 2973
 2974
 2976
 2978
 2980
 2982
 2984
 2987
 2988
 2989
 2991
 2993
 2995
 2996
 2997
 2999
 3001
 3003
 3005
 3007
 3009
 3010
 3011
 3012
 3014
 3016
 3018
 3020
 3021
 3023
 3025
 3027
 3029
 3031
 3033
 3034
 3035
 3036
 3038
 3040
 3042
 3043
 3044
 3046
 3048
 3050
 3052
 3054
 3056
 3057
 3058
 3059
 3061
 3063
 3065
 3066
 3067
 3069
 3071
 3073
 3075
 3077
 3079
 3082
 3083
 3084
 3086
 3087
 3090
 3091
 3093
 3095
 3097
 3099
 3101
 3103
 3104
 3105
 3106
 3108
 3110
 3112
 3114
 3115
 3117
 3119
 3121
 3123
 3125
 3127
 3128
 3129
 3130
 3132
 3134
 3136
 3137
 3138
 3140
 3142
 3144
 3146
 3148
 3149
 3150
 3151
 3153
 3155
 3157
 3159
 3160
 3162
 3164
 3166
 3168
 3170
 3172
 3175
 3176
 3177
 3179
 3181
 3183
 3184
 3185
 3187
 3189
 3191
 3193
 3195
 3197
 3198
 3199
 3200
 3202
 3204
 3206
 3208
 3209
 3211
 3213
 3215
 3217
 3219
 3220
 3221
 3222
 3223
 3227
 3229
 3231
 3232
 3234
 3236
 3238
 3240
 3242
 3244
 3245
 3246
 3247
 3249
 3251
 3253
 3254
 3255
 3257
 3259
 3261
 3263
 3266
 3268
 3271
 3272
 3273
 3275
 3276
 3279
 3280
 3282
 3284
 3286
 3288
 3290
 3292
 3293
 3294
 3295
 3297
 3298
 3302
 3304
 3305
 3307
 3309
 3311
 3313
 3315
 3317
 3318
 3319
 3320
 3322
 3324
 3326
 3328
 3329
 3331
 3333
 3335
 3337
 3339
 3341
 3342
 3343
 3344
 3346
 3348
 3350
 3351
 3352
 3354
 3356
 3358
 3360
 3362
 3364
 3367
 3368
 3369
 3371
 3373
 3375
 3377
 3378
 3380
 3382
 3384
 3386
 3388
 3390
 3391
 3392
 3393
 3395
 3399
 3400
 3402
 3404
 3406
 3408
 3410
 3412
 3413
 3414
 3415
 3417
 3419
 3421
 3422
 3423
 3425
 3427
 3429
 3431
 3433
 3435
 3436
 3437
 3438
 3443
 3445
 3447
 3448
 3450
 3452
 3454
 3456
 3458
 3460
 3463
 3464
 3465
 3467
 3469
 3471
 3472
 3473
 3475
 3477
 3479
 3481
 3483
 3484
 3485
 3486
 3488
 3490
 3492
 3494
 3495
 3500
 3502
 3504
 3506
 3508
 3509
 3510
 3511
 3513
 3514
 3517
 3518
 3520
 3522
 3524
 3525
 3527
 3529
 3530
 3531
 3532
 3534
 3536
 3538
 3540
 3541
 3543
 3545
 3547
 3549
 3551
 3553
 3556
 3557
 3558
 3560
 3562
 3564
 3565
 3566
 3568
 3570
 3572
 3574
 3576
 3578
 3579
 3580
 3581
 3583
 3585
 3587
 3588
 3589
 3591
 3593
 3595
 3597
 3599
 3601
 3602
 3603
 3604
 3606
 3608
 3610
 3612
 3613
 3615
 3617
 3619
 3621
 3623
 3625
 3626
 3627
 3628
 3630
 3632
 3634
 3636
 3637
 3639
 3641
 3643
 3645
 3647
 3649
 3652
 3653
 3654
 3656
 3658
 3660
 3661
 3662
 3664
 3666
 3668
 3670
 3672
 3673
 3674
 3675
 3677
 3679
 3681
 3683
 3684
 3686
 3688
 3690
 3692
 3694
 3696
 3697
 3698
 3699
 3701
 3703
 3705
 3707
 3708
 3710
 3712
 3714
 3716
 3718
 3720
 3721
 3722
 3723
 3725
 3727
 3729
 3731
 3732
 3734
 3736
 3738
 3740
 3742
 3745
 3746
 3747
 3749
 3750
 3753
 3755
 3756
 3758
 3760
 3762
 3764
 3766
 3767
 3768
 3769
 3771
 3775
 3777
 3778
 3780
 3782
 3784
 3786
 3788
 3790
 3791
 3792
 3793
 3795
 3797
 3799
 3800
 3801
 3805
 3807
 3809
 3811
 3813
 3814
 3815
 3816
 3820
 3822
 3824
 3825
 3827
 3831
 3833
 3835
 3837
 3839
 3842
 3843
 3844
 3845
 3848
 3850
 3852
 3853
 3854
 3857
 3859
 3861
 3863
 3865
 3866
 3867
 3868
 3870
 3872
 3874
 3876
 3877
 3879
 3881
 3883
 3885
 3887
 3889
 3890
 3891
 3892
 3894
 3896
 3898
 3899
 3900
 3902
 3904
 3906
 3908
 3910
 3912
 3913
 3914
 3915
 3916
 3917
 3919
 3921
 3923
 3924
 3926
 3928
 3930
 3932
 3934
 3935
 3937
 3939
 3942
 3943
 3944
 3946
 3948
 3950
 3952
 3953
 3954
 3956
 3958
 3960
 3962
 3964
 3966
 3967
 3968
 3969
 3971
 3975
 3977
 3978
 3980
 3982
 3984
 3986
 3987
 3988
 3993
 3999
 4000
 4002
 4003
 4004
 4005
 4006
 4007
 4008
 4009
Total de números de paquete distintos: 2217
